6333.215325019138
312.987356252412
51.19289130038483
53.0183017636988
65.76982370425613
47.01612411006663
57.32361902237534
19.67496870134085
10.118607222842103
26.26936442166467
29.478170091676738
15.810947438427696
10.89332040658836
21.740681923203084
34.84323797846
87.1998839001418
63.15958071243047
8.746505157010157
32.4323993310861
28.012758050407893
14.44350577595014
27.70916241123137
13.308330260764249
46.01266431533461
10.619614185558584
8.518350617259179
33.58282000238325
8.499225826484473
20.036600067847736
14.078004183475299
19.8470139405994
23.744881298584016
11.00764723389843
49.04876537810155
41.93013663854555
12.405062517270368
7.560724017690102
12.531284296114588
9.47838690564506
44.465838537341995
59.335166761344276
7.373075706627455
13.854584474895654
8.755926182284961
15.31369907859321
13.428932719012431
15.961241428272794
21.40824662378093
10.479119726782814
20.086310145051215
21.188795735164753
9.874718135222944
33.062631914667065
14.498844657968696
32.85067558019428
26.2573344642983
51.25380761578534
15.61293140173889
10.797012900241281
6.974359510989857
14.874232762977442
22.29616238964677
9.802202619948984
4.451909283612528
34.891802699777806
11.654760871219404
20.57022015199802
5.141789701059828
6.871199594516901
36.11959127904146
17.648066736518565
9.678400125214985
8.4391071307271
11.240810621710512
18.600805640847113
11.474235480484516
19.874141341578135
17.852388840014715
16.44279911012966
3.5293830265684667
6.148706083349533
35.847818132312455
8.232820217274853
8.755205604005734
3.846247620084198
7.9698027107992795
20.330176267147024
8.966940863503655
12.04393774006581
13.95157046534226
13.584813822403165
10.414424393954151
11.006959887884458
6.9431306036382745
6.169429099420467
9.13900906695787
6.1449874768504005
6.025200892493902
3.7497761486132113
4.143822137489194
6.780548707176462
5.767637999873454
5.653365381805304
1.7793080046549345
2.9819367725422707
5.22584633698428
13.719126194238964
5.209226424660267
5.1032689503287125
17.834991384211236
7.103520792402463
5.69748914017792
7.376518784376276
3.021947571989106
13.30069553369342
2.646626135697035
3.5057667158431998
7.483776143819148
2.9686399439470805
10.960723426366654
5.368243590043096
2.047868429601121
2.307454550527788
4.4797028407557375
3.76454153925028
1.9866297606388208
5.268708289407078
0.7030827055313077
2.075762150421202
1.787936920365026
1.2145152709689735
1.7246966611356538
0.998309195034233
0.5268660883653028
1.626626402623719
0.7740183861995027
1.4496456116847247
1.0664163697283329
1.3661276602300474
1.112226730211138
0.8012259595989655
0.3066653310417051
0.4792259014100944
1.646173255484707
1.2084730608273693
0.36114942284175183
0.37953526967473994
1.2303657769434193
0.7245074454212903
0.9807810412359818
0.3646269851694114
0.7363375801191463
0.5120041346100911
0.44847526493468254
0.6316936466401949
0.5707165054799092
0.7747086945104308
0.5673885670988132
0.6895487549232289
0.5717285322491553
0.8059818144331065
0.7198457619387303
0.2690422626577632
0.2304302789007805
0.8175116996669969
0.17012239277132507
0.8336103725460476
0.47505599562548473
0.6726599386748445
0.19848692238984647
0.21111850014460182
0.542071447064815
0.47644677169619465
0.2864825380540182
1.3288204570989897
0.35411842301298196
0.4177819125814864
0.1416358835129934
0.5950911679451393
0.3053273265069533
0.13307226782044257
0.677029547316865
0.12433594520884168
0.27776242871260104
0.1509763584127175
0.40505551551915947
0.194269251586457
0.47695901860042117
0.48527202934824976
0.16131318209893505
0.29059607560619033
0.05615517645876843
0.1721333154355807
0.11207227062506231
0.2133846933571726
0.09120194478644257
0.04444504076467971
0.10730345242658464
0.17898561084613349
0.1843796386742019
0.15998501611092536
0.26464418209991425
0.02756850071499109
0.06286518405254765
0.21194930007111967
0.13427200515839274
0.0817707755905014
0.15323922539718507
0.2671761762993318
0.05582472089652408
0.1007490602684754
0.11694014417404389
0.08640780525024383
0.1255803295619727
0.09392174205585886
0.14352498932233515
0.03518559901012084
0.14510303280469222
0.05771722302244947
0.07236251503820772
0.10970242168937305
0.19907116512679818
0.02419165949839989
0.03527095199866067
0.06353201565858703
0.07717478006541623
0.08137647531669309
0.06384202955956832
0.10009855048040599
0.01850191110059891
0.06013525606643175
0.06858248267958189
0.17704588202707472
0.13962808551155742
0.1067603653281997
0.08046603360304401
0.1271150805313331
0.07473333574695529
0.044689918488314065
0.0500944114955849
0.07941890087588226
0.07039608941232861
0.052260317661908424
0.025636800581137417
0.03517300541861754
0.058729185664701915
0.039449657745905434
0.14908580803806007
0.1121354134693859
0.0863429367642746
0.03365473258389699
0.05159179664719671
0.07672838608260824
0.10238350896521625
0.05099515825397102
0.026729680325893616
0.04877904989547108
0.20159364333217475
0.045348489680660645
0.044855113962834904
0.07033505887679374
0.062184712036586105
0.03755402007707278
0.023079572745376746
0.09539277262386787
0.0890689667864913
0.03984272631474878
0.015375581236916794
0.18481964261465478
0.0609792207514517
0.029296808007122935
0.07431448524133569
0.08904890484535828
0.02953605730410137
0.023230055040730887
0.014461587024227746
0.11991812743741001
0.04875803029440275
0.034703774507012765
0.030602392918172846
0.016870251864256464
0.022596880631766125
0.08013703365270616
0.06052664436909526
0.12597891536712558
0.09341070732052774
0.028467844367336764
0.02397313065379585
0.025779219930398476
0.026443430447935058
0.042939957276150666
0.07179155252783292
0.07951502706623655
0.08356348084396303
0.11273357024277963
0.03265327256453711
0.1184231079643065
0.014146542320978095
0.03233487003289178
0.02547920224555576
0.0228933190412652
0.00952568845368117
0.043207610765786046
0.04269136092347697
0.033506093783319875
0.05619017562684322
0.039856893901377304
0.02353308714378374
0.028902947875363943
0.054634418964642675
0.06106166282838795
0.056940541794213574
0.025255068958621403
0.02323204999281698
0.0018769332997758009
0.04591838711830514
0.02055271367455409
0.071712620078456
0.012247041454537855
0.02458678293306293
0.03941684211894966
0.047036817144019825
0.02086799618325062
0.07717855090461957
0.06399779754574769
0.044995636275118545
0.12464968762372015
0.07059320426828683
0.01702803408859026
0.029184010699561867
0.026239229979928468
0.019798769686400746
0.03497650592466645
0.020831413110266254
0.014024768100012177
0.017481271472197617
0.037809432150251995
0.013539632598512225
0.013596291573002855
0.010347479318454022
0.009271879482530937
0.0538742783305815
0.05549508493175569
0.046132726930621336
0.02481862677383286
0.02605819990814175
0.062197140480860946
0.01801740489848929
0.01333715062097808
0.015803136656353398
0.013429701402792225
0.02548741837794812
0.014077780311964815
0.005731684715715273
0.010956842201497006
0.02009092034946748
0.01997740918723635
0.010282435260856166
0.015118642547899087
0.03188516845081003
0.029174751130259947
0.010871674451782986
0.06578387047381365
0.036100469804460744
0.012927356743820456
0.013496211995025712
0.02741449825219328
0.014557710811277816
0.029449681488809956
0.019792387291536446
0.03166240915004237
0.020111599659171375
0.010453128341504213
0.015444654641230763
0.016441374603209265
0.04696303525520484
0.0066684087054079836
0.013623810614712663
0.007012152619475304
0.022026233880772104
0.0069198198521392565
0.019236972378732294
0.004854098087795878
0.008834609268809843
0.014362974346956475
0.017910750801260224
0.017338278714706508
0.059435708731577386
0.03139599774803564
0.012863282567713904
0.003249810808518046
0.003379384984344086
0.010539856642174683
0.013889343979389025
0.01071642982731731
0.004229847955602887
0.007769546842458098
0.007998854805615555
0.002225170458372856
0.005304346890352782
0.016665964210175684
0.006675972551105405
0.016230494628521316
0.007214190389516196
0.013745359468242709
0.005771145041428428
0.017863005990038646
0.013415686413585754
0.011964763703810386
0.024992525723211815
0.002281280932055463
0.00435783003340828
0.008523053817029473
0.0038898452298319415
0.002167240369269875
0.011373092062674716
0.001975832398049268
0.009074374882137927
0.0034490563606255193
0.006242374531293801
0.005166831688989119
0.009692736196321206
0.0169395436732876
0.005213270580711851
0.0062522409869656135
0.008897212863881402
0.01347267758429493
0.006816163265245728
0.00845795195977345
0.006792916365244447
0.00951737249635836
0.02002773446593646
0.0103789921849131
0.0037702598299382915
0.013208339019541711
0.012425571077867492
0.0037204118095568
0.006180726268775032
0.004056611207752398
0.004729395998765342
0.003568781421113892
0.006089486496775795
0.0036285375244514985
0.004092101541439067
0.011484590202808976
0.004519954886559412
0.0050806646522520964
0.006230318836892916
0.0020407549718266024
0.0028382447585175844
0.006787661984612591
0.011018454534388428
0.007707259182180818
0.005460666435065701
0.002341736360356984
0.006846486197721723
0.004819890629173763
0.008965411929037445
0.007637936447237328
0.003256851256279986
0.00605069666350188
0.004038451676410149
0.011996030873015387
0.005525828006878074
0.005084162987167996
0.008324454183777818
0.018551703352530247
0.005957673085676287
0.005217950292610779
0.010616498442590336
0.003954638837919969
0.0032782814397655517
0.003345011510404368
0.00662407172634847
0.0021208854711493555
0.0033833546978046165
0.0032463415138377556
0.001860669907754871
0.008741012090959581
0.005806478384302131
0.00716027085855599
0.0009670816610543026
